image_width: 410
image_height: 308
camera_name: camerav2_410x308
camera_matrix:
  rows: 3
  cols: 3
  data: [ 394.75836,    0.     ,  202.53455,
            0.     ,  392.78403,  147.4086 ,
            0.     ,    0.     ,    1.     ]
camera_model: plumb_bob
distortion_coefficients:
  rows: 1
  cols: 5
  data: [0.051627, -0.157924, 0.001527, 0.001486, 0.000000]
rectification_matrix:
  rows: 3
  cols: 3
  data: [ 1.,  0.,  0.,
          0.,  1.,  0.,
          0.,  0.,  1.]
projection_matrix:
  rows: 3
  cols: 4
  data: [ 395.77011,    0.     ,  202.97084,    0.     ,
            0.     ,  394.64322,  147.68854,    0.     ,
            0.     ,    0.     ,    1.     ,    0.     ]