# oST version 5.0 parameters

[image]

width
640

height
480

[camera]

camera matrix
499.172414 0.000000 315.242885
0.000000 500.180378 241.979213
0.000000 0.000000 1.000000

distortion
0.152466 -0.261514 0.002228 0.000663 0.000000

rectification
1.000000 0.000000 0.000000
0.000000 1.000000 0.000000
0.000000 0.000000 1.000000

projection
508.837006 0.000000 315.442885 0.000000
0.000000 511.364685 242.835648 0.000000
0.000000 0.000000 1.000000 0.000000

