image_width: 640
image_height: 480
camera_name: raspicam
camera_matrix:
  rows: 3
  cols: 3
  data: [499.172414, 0, 315.242885, 0, 500.180378, 241.979213, 0, 0, 1]
distortion_model: plumb_bob
distortion_coefficients:
  rows: 1
  cols: 5
  data: [0.152466, -0.261514, 0.002228, 0.000663, 0]
rectification_matrix:
  rows: 3
  cols: 3
  data: [1, 0, 0, 0, 1, 0, 0, 0, 1]
projection_matrix:
  rows: 3
  cols: 4
  data: [508.837006, 0, 315.442885, 0, 0, 511.364685, 242.835648, 0, 0, 0, 1, 0]

